MODEL EVALUATION RESULTS

Linear Regression
MAE  : 102753.99109341233
RMSE : 118807.9837958758
R2   : 0.9990792274033968

Random Forest
MAE  : 382393.8691
RMSE : 483015.1348391716
R2   : 0.9847811228154103
